              accm        amloc          dit          anpm         noa
accm   1.000000000  0.306592137 -0.031611200  0.2126785561 0.049719468
amloc  0.306592137  1.000000000 -0.019713113  0.0330630944 0.039130127
dit   -0.031611200 -0.019713113  1.000000000 -0.0212167832 0.147306275
anpm   0.212678556  0.033063094 -0.021216783  1.0000000000 0.006478974
noa    0.049719468  0.039130127  0.147306275  0.0064789742 1.000000000
npa   -0.005895919  0.030664102 -0.027812579 -0.0183260838 0.215252987
cbo    0.188301269  0.050814020  0.204198680  0.1379804240 0.174350657
loc    0.220242717  0.400884779  0.019544461  0.0833078050 0.259703382
lcom4 -0.008254585 -0.016038488  0.076581887  0.0051104580 0.013972469
rfc    0.121765937  0.025393593  0.064913388  0.0578517735 0.064706711
npm    0.006587355 -0.021495723  0.081675045  0.0002992808 0.175582548
nom    0.051984430 -0.006092105  0.071618776  0.0330976159 0.097815273
sc     0.027344193  0.006199660  0.040755447  0.0251447092 0.031594350
noc    0.022509334  0.044870700  0.092933949  0.0056836481 0.752580155
acc   -0.011007836 -0.010570695 -0.004686864 -0.0032587322 0.016930815
                npa         cbo         loc        lcom4          rfc
accm  -0.0058959189 0.188301269 0.220242717 -0.008254585  0.121765937
amloc  0.0306641020 0.050814020 0.400884779 -0.016038488  0.025393593
dit   -0.0278125785 0.204198680 0.019544461  0.076581887  0.064913388
anpm  -0.0183260838 0.137980424 0.083307805  0.005110458  0.057851774
noa    0.2152529870 0.174350657 0.259703382  0.013972469  0.064706711
npa    1.0000000000 0.007921319 0.061622703  0.055772360  0.060842463
cbo    0.0079213192 1.000000000 0.395398868  0.129486042  0.592656019
loc    0.0616227031 0.395398868 1.000000000  0.268923062  0.645694179
lcom4  0.0557723599 0.129486042 0.268923062  1.000000000  0.306817014
rfc    0.0608424630 0.592656019 0.645694179  0.306817014  1.000000000
npm    0.0659001682 0.254234335 0.424715910  0.704988971  0.648116066
nom    0.0645096865 0.387462804 0.559679335  0.696772747  0.811940932
sc     0.0183318842 0.357608904 0.276372321  0.388478266  0.300863301
noc    0.0003781075 0.001914841 0.009173389 -0.004688987 -0.007746451
acc    0.0200487841 0.044924856 0.057109730  0.084993320  0.087902704
                npm          nom          sc           noc          acc
accm   0.0065873548  0.051984430 0.027344193  0.0225093341 -0.011007836
amloc -0.0214957227 -0.006092105 0.006199660  0.0448706996 -0.010570695
dit    0.0816750453  0.071618776 0.040755447  0.0929339490 -0.004686864
anpm   0.0002992808  0.033097616 0.025144709  0.0056836481 -0.003258732
noa    0.1755825482  0.097815273 0.031594350  0.7525801551  0.016930815
npa    0.0659001682  0.064509686 0.018331884  0.0003781075  0.020048784
cbo    0.2542343352  0.387462804 0.357608904  0.0019148407  0.044924856
loc    0.4247159103  0.559679335 0.276372321  0.0091733888  0.057109730
lcom4  0.7049889715  0.696772747 0.388478266 -0.0046889871  0.084993320
rfc    0.6481160664  0.811940932 0.300863301 -0.0077464513  0.087902704
npm    1.0000000000  0.901884430 0.290698643  0.0767623410  0.097509203
nom    0.9018844297  1.000000000 0.350604010  0.0275032728  0.118209935
sc     0.2906986430  0.350604010 1.000000000  0.0092529814  0.149553392
noc    0.0767623410  0.027503273 0.009252981  1.0000000000  0.187082689
acc    0.0975092029  0.118209935 0.149553392  0.1870826889  1.000000000